logFC	AveExpr	t	P.Value	adj.P.Val	B	dir
hsa-miR-142-3p	6.1079028508958	-2.28715533980582	7.92913911733738	3.22871667579407e-12	1.78870903838991e-09	17.3060877356641	up
hsa-miR-29a-5p	3.08668511244385	-1.29077669902913	6.49664941548921	3.23010742060075e-09	8.37346616406585e-07	10.785980334849	up
hsa-miR-9-5p	4.57093813550431	-2.98899029126214	6.42387362269643	4.53436795888043e-09	8.37346616406585e-07	10.4660999783249	up
hsa-miR-138-5p	2.98802021256957	-3.9348932038835	5.70439637191404	1.19205301711777e-07	1.65099342870811e-05	7.38697693319555	up
hsa-miR-361-3p	2.51308449673605	-0.705262135922329	5.21117248616409	1.0110340165044e-06	0.000112022569028687	5.37986683067608	up
hsa-miR-129-5p	1.90077707356868	-5.03760194174757	5.1615454550152	1.24699638225254e-06	0.000115139332627985	5.18334256321356	up
hsa-miR-20a-3p	2.86235265932118	-3.91929126213592	5.03510355691776	2.11796032169906e-06	0.000167621431174468	4.68745758062364	up
hsa-miR-340-3p	3.01694094036637	-1.3267281553398	4.66225115413791	9.68654522854652e-06	0.000596260672957197	3.26797568625401	up
hsa-miR-1201	2.78981527970295	-2.59334951456311	4.63538361606401	1.07807162739892e-05	0.000597251681579001	3.16829167289019	up
rno-miR-7*	3.47840797744652	-0.918660194174759	4.52149642430951	1.69023228590745e-05	0.000712955832322966	2.74983088711437	up
hsa-miR-141-3p	3.66532869674289	-1.49420388349515	4.5049014225456	1.80371992694165e-05	0.000712955832322966	2.68941503250405	up
hsa-miR-135b-5p	3.32970992591527	-3.98392233009709	4.50342945559136	1.81413465845832e-05	0.000712955832322966	2.68406314323158	up
hsa-miR-223-5p	2.15280772390618	-2.39059223300971	4.43029921700369	2.41152281200323e-05	0.000834989773656119	2.41961094917624	up
hsa-miR-455-3p	3.22437773757454	-5.27256310679612	4.35698756309806	3.19901872196016e-05	0.000924892232328674	2.15737566689695	up
hsa-miR-577	2.6004185153339	-3.78968932038835	4.24474431488602	4.90377133958713e-05	0.00118116927049186	1.76158726882777	up
hsa-miR-142-5p	2.78827172035586	-5.89957281553398	4.21181984444255	5.5512426704543e-05	0.0012814118497632	1.64682482997547	up
hsa-miR-543	1.05514941334932	-3.81885436893204	4.182716885985	6.19135165110045e-05	0.00131923415950371	1.54589456678646	up
hsa-miR-15b-5p	3.13670575623573	-1.07320388349514	4.13692582464973	7.34428203182286e-05	0.00141149414016158	1.38807065698331	up
hsa-miR-590-5p	2.97966746512622	-3.06088349514563	4.13530372035109	7.3886877373079e-05	0.00141149414016158	1.38250204931051	up
hsa-miR-10b-5p	3.65736041001976	-0.946456310679614	4.04981955968659	0.000101305127170586	0.00181142647895539	1.09120794953435	up
mmu-miR-374-5p	3.83467674594038	-2.17701941747573	3.98505968238028	0.000128314255775452	0.00211343799280256	0.873403852506341	up
hsa-miR-664a-3p	4.48378319940091	-0.994611650485437	3.98208888063638	0.000129705580785717	0.00211343799280256	0.863472397469912	up
hsa-miR-148a-3p	3.42743980382131	-2.69592233009709	3.87157917774437	0.000193025179947199	0.00274993539025125	0.497837315766878	up
hsa-miR-149-3p	1.26034155629816	-3.15809708737864	3.8707631906897	0.00019358750942202	0.00274993539025125	0.495165309861414	up
hsa-miR-19a-5p	1.07188374367218	-4.37882524271845	3.81158363091888	0.000238807751542686	0.00322681693547922	0.302478655016293	up
hsa-miR-191-3p	1.96833561641159	-2.05463106796116	3.6855810676374	0.000370799204601615	0.00446571215976728	-0.100440869684583	up
hsa-let-7a-5p	4.89382833272918	-1.24063106796117	3.66074076935572	0.000403940575343435	0.00476134210085666	-0.178675013664125	up
hsa-miR-1271-5p	2.38335638205968	-2.40472815533981	3.63001438175968	0.000448826518024003	0.00507448757112852	-0.274893956469866	up
hsa-miR-107	1.80404542132092	-3.3601067961165	3.58519224644966	0.000522851585860019	0.00579319557132901	-0.414147711362285	up
mmu-miR-495	3.43051760966157	-2.26722330097087	3.56939385404486	0.000551591929894938	0.00599180253258422	-0.462915456691774	up
hsa-miR-23b-3p	2.83320969016329	-4.19376699029126	3.52342697180514	0.000643946495273593	0.00662793098739926	-0.603869133897184	up
hsa-miR-31-5p	3.02856432453907	-1.14890291262136	3.51698154130945	0.000658007589001732	0.00662793098739926	-0.623521048543604	up
hsa-miR-17-5p	5.24245626591617	-1.49227184466019	3.50314588032151	0.000689175517829657	0.00681791494424339	-0.665611676990982	up
hsa-miR-33a-3p	1.93124500357991	-2.75071844660194	3.40069072642086	0.000967211767768297	0.00920085975399349	-0.973278516896765	up
hsa-miR-22-5p	3.07706033629629	-0.101165048543688	3.38336392874033	0.00102358836785997	0.00945113259657368	-1.02460290390816	up
hsa-miR-26b-3p	1.86299877193337	-1.87640776699029	3.36867447361534	0.00107378709864991	0.00959480730083956	-1.06795340887015	up
hsa-miR-31-3p	3.12121223424872	-1.77418446601942	3.33290033330332	0.00120587452192964	0.010122037653773	-1.17290395807709	up
hsa-miR-301a-3p	2.41659578455234	-1.27515533980583	3.32796785564118	0.0012252384370142	0.0101310760314309	-1.18730473922762	up
hsa-miR-1260a	5.07469180743281	1.8111359223301	3.24553320503791	0.00159522651250388	0.0124472603933401	-1.42546136986537	up
hsa-miR-186-5p	2.51010731950401	-4.55466019417476	3.1972510737926	0.00185797637483482	0.0137242521554465	-1.56272331335136	up
hsa-miR-10a-5p	2.77339185799639	-1.56652427184466	3.1528815720503	0.00213450396355962	0.0155594104712109	-1.68739470683948	up
hsa-miR-23a-3p	1.55960888644882	-1.17284466019418	3.06856992281564	0.00276829690892107	0.0182575772326461	-1.92038044226012	up
hsa-miR-720	4.11447483012472	8.60777669902913	3.04997699442068	0.00292975847239736	0.018873095275676	-1.97106266479947	up
hsa-miR-9-3p	2.4859820289209	-2.06597087378641	3.02877482897479	0.00312450243220428	0.0198962568671399	-2.0285475000265	up
hsa-miR-19a-3p	2.56500730495098	-0.786999999999999	2.93955361602683	0.00408248293565347	0.0240760310031528	-2.26680328143158	up
hsa-miR-564	1.58274809178802	-1.23895145631068	2.89800341235806	0.0046152564124125	0.0258064592892869	-2.37572855897782	up
hsa-miR-504-5p	1.87011644242514	-4.77767961165049	2.8617330239665	0.00513180980065032	0.0273836527040984	-2.46974745160442	up
hsa-miR-148b-3p	1.54168757789426	-2.75415533980583	2.86114442948945	0.00514061350401847	0.0273836527040984	-2.47126496158154	up
dme-miR-7	1.9480192972243	-1.89033009708738	2.76445739998532	0.00678980913653495	0.0348292061262996	-2.71694923870387	up
hsa-miR-182-3p	4.47002144088743	-1.74014563106796	2.75767841664508	0.00692185342774529	0.0348609708997354	-2.73390522476732	up
hsa-miR-432-5p	1.70691610932272	-2.01532038834952	2.58826442717399	0.0110822710110484	0.0499152694318764	-3.14600359862498	up
